-4.332065502641259 0.6726352514854428 -3.1371011568785567 -0.17530797408772703 2.3132083295040946 -2.43444706584898 -2.9689320477090506 4.56175274433588 
-3.2671806589066343 4.911994878025483 3.5725272014745464 -1.754230768689319 -1.6038551118723121 -2.4006420108001327 -4.33477413928972 -4.925385961322507 
0.4111683715335124 -2.698801078683357 -2.652691954479275 -4.99549917488586 2.549724469201947 -3.367271614373898 -1.2124743493658618 1.2774870947131811 
-1.0849873587157264 4.948467618649223 3.9131607853125843 0.7070111240915118 -4.225856282567947 3.953756963831376 1.9543529389223258 1.1871027210036624 
2370.6047058055647 1214.3087523186753 -0.22962672169299925 1241.899838914923 40.85056400641622 5339.493350036701 4897.940451438755 182.53312646251348 
-1.4890622809869738 4.203752876260987 1.5499956704931526 1.801101654091509 2.6974957390680903 3.9220260179617004 3.7891021590453775 4.731533130445966 
4.314142893470578 -2.7622621864303865 -2.8469297757650134 4.467086026381944 -1.2712311589949996 1.9726580918183876 -2.241452544063497 4.610662687207839 
-0.33368040343787353 -3.8468026654850407 -4.413237481818166 -0.037622672309765015 0.8530638288686561 1.8605173432288655 1.901342011487098 -3.122037590335256 
-1.9516308383349381 1.78542319857005 4.911452885342936 -2.58146120334922 -4.946844646655619 3.6323862950092654 3.368075933376087 -4.707462686754748 
-4.190410630762795 -2.3169384788610103 0.21285340017381316 1.9128358418096525 3.544477066774663 -4.19182093668109 -3.856898655933777 -0.9730661584756648 
-2.94080699988852 -3.992296547932911 -3.98678960164271 4.925278243499223 6.186964743619063 -0.2373024875795983 3.9618264465404325 2.7924573619637245 3.173111276487874 4.098149575745211 